       565.12       712.97
       378.72       719.17
       202.82        723.3
        697.8        723.3
       490.42       727.44
          305       731.57
       118.34       737.77
        603.7       737.77
       416.68       743.97
       230.25        748.1
       715.53        748.1
       550.98       750.17
       562.83       302.69
       377.05       306.92
        200.5       311.16
       696.08       313.27
       488.74       317.51
       302.77       319.62
       117.21       323.86
       602.59       328.09
       414.36       330.21
       228.53       334.44
       714.38       336.56
       549.82       338.68
       553.68       1272.1
       368.67       1276.4
       191.81       1280.7
       687.51       1280.7
       480.36       1289.2
       294.39       1291.3
       108.15       1293.5
       593.77       1295.6
       405.68       1299.9
       220.51       1304.1
       705.23       1306.3
       540.55       1308.4
       552.53       862.96
       366.99       869.41
       190.66       871.56
       685.79       873.72
       479.25       878.02
       292.72       880.17
       106.46       884.48
       592.11       888.78
       405.11       890.93
        218.8       895.24
       704.09       899.54
       539.39       899.54