	7966        9609       13675       14525
        7966        9609       12496       13326
        7966        9609       11307       12168
        7966        9609       10129       10979
        7966        9609        8971        9801
        7966        9609        7792        8622
        7966        9609        6613        7454
        7966        9609        5445        6265
        7966        9609        4267        5127
        7966        9609        3088        3939
        7966        9609        1920        2770
        7966        9609         720        1581
        5645        7328       13675       14525
        5645        7328       12496       13326
        5645        7328       11307       12168
        5645        7328       10129       10979
        5645        7328        8971        9801
        5645        7328        7792        8622
        5645        7328        6613        7454
        5645        7328        5445        6265
        5645        7328        4267        5127
        5645        7328        3088        3939
        5645        7328        1920        2770
        5645        7328         720        1581
        3310        5007       13675       14525
        3310        5007       12496       13326
        3310        5007       11307       12168
        3310        5007       10129       10979
        3310        5007        8971        9801
        3310        5007        7792        8622
        3310        5007        6613        7454
        3310        5007        5445        6265
        3310        5007        4267        5127
        3310        5007        3088        3939
        3310        5007        1920        2770
        3310        5007         720        1581
         988        2699       13675       14525
         988        2699       12496       13326
         988        2699       11307       12168
         988        2699       10129       10979
         988        2699        8971        9801
         988        2699        7792        8622
         988        2699        6613        7454
         988        2699        5445        6265
         988        2699        4267        5127
         988        2699        3088        3939
         988        2699        1920        2770
         988        2699         720        1581